$ANSIBLE_VAULT;1.1;AES256
34653966326564336135306438336164643064633230386363353766636166653830306261323234
3263353461303430373665383331306666323839353634300a633330353636306361343730373930
34373037653738366165323938383564376463393131363831383037653833306234393930613162
6137616435303735340a333832643439663031643361633564396534313838373463613735376632
37633661646136343233363533653033626466346562623035396666363765353761653134316632
37643133613564356261663534313061626439663932613266663139623134383064303532626361
36333561623636326437393763666162633338616366333462633761363236636538316432306262
66313737303532333033383362383132326362333064396235633566393466323039353536383234
65346431393333666230623635333336623439376363623238383964666337633236636637333131
37316338386165323933366162666363626134373936393434366639346566343361366566316632
35373238393464666665373033636232613737316138623933386338656230643266663735353265
37306163326263313364363264633266653134636137303766333762396134353330306166376134
30393238313431663164343035326337666631363363313439323839643731313237363439363236
39623064303932383165613432323964653732316162386635363530333139316564323632333133
30356230356530396537613662663037373736633831663361343539316263363136326237383366
61643562366235356163366137306334623139316138323839316166633738303062666461363632
31643435393731323763646237656131343339393162386263363133643337356331306165613331
30326561326434356565623362393636316330303833623236393863363334623566656463326136
30663963653131393335353935313132376331393365336463396537373033623162336563663765
64373363306638613462336165613662303038373832633831303931363231366135393336653939
62313036626430373866386230386261356432656436373734383737656562366531643036343634
65636531346437316565373634616135306438333534346432373934653235383131336661623433
35383139393836393535646232636162343436613136663965663465656535643833646535656362
34326561306635316465643738306161393663373636373433656364636637306264616661366234
64373762646131333738313139626633373064316132353635663165363064623265633039616164
33306134303833343665613035336166643837653339346163376437643366613365396464353634
35613832633739353762306231373362663136363437306635373632303465636666643438343632
65303536303161376637646163373231626332373134356438656136653136343330653466336335
37386462303932636331363531643338633436646536656135373365666535373134663061363639
31393162613463643538646338396365303838363034323366666532316332333066323561383133
61303130373533613664343839646631656237353134363366653138663638336130633162363863
33383732376435346461653835626464376339613038303835663365343761386433323866323761
63626230373661356666373530383465303734643139393533323563353832633564356666306166
30646230663862376137306537626161363830623530393363303033613838326563303333663061
38343561313832383437323163623331343237383635303665363133383336303062303561623134
36356433306561326664623736346232613335626335653437343862353932646630316462353932
66666163656465323633653564336662653131343764336536663866386439643730613731633530
63333733383538383533653166626163333263313337663535366539626134633765653664623730
33346235613638663736613237656432393735343134643065393031373730643032656261653665
38636233663764653334336632363736366537343532633463313436326430353937336437666338
61373037613230656564613261313738323733373837633939646565383138643935393036303530
30306633316532656136313235373061363433376431303438663735393534323965383165613335
62633237636366353336323534323766613637636534323735363133353630363332366630653665
35306134313961663465323539626161366264613532333661363530643539306262353463633530
65343432643234343732346439306633313037393234653063613133306137346330366234353136
38396536333938383565646263303338346365336631353930386530313564386637313830653766
36646363643863353638616137353061346338386631663139616361306166306566323562643334
33306435663337366436626135343436353639653938323638633765653733396263303565363665
36343830353862393963333763616438363261633666306162623436396235386336623031303131
35653039323834663235343934323664633733613663303332383661666663376438393036386132
64633739623361336164343963656338646336396237396562396137343262656439323730383263
34383061663764636265336432366365613565373734336137366230623139353565383235616634
61343065343637656665376362643961336137356136303134316434366534316562653430386361
36336264353861653130653139363437613835613731643761303566386530653164303666363363
35363530323638343231663937323862323363356662356135333962396363386433333935346538
34336636363037373330653665323062653639323962363530353030383339636431646333613638
34646262323263383438653435356464313335623635303035363966323432663036663934653531
63623163343636303431613531346536646634626334363736306437353137383939346137373830
31363664313735636135656265386331633361366265653636353638396462613263373030333463
33656434313130346437373635353766643932313936386638626334366462356338656365313835
33376139613137323737353965326332353230373636623661393762363136613730346261373361
35336663623065616332393735306266393862636534313963643561323833346361666533323162
38613837306164323965303762626631633332616535343533313137633533663361363863313630
65643763366465626666336530346364626464316366353237376334313162663431323334353364
38316265383231316436343333346364636238663662636466616361633433643634306661326633
38323738643362633761646261663966646138366363303964616630396363613162306437333963
33643333396336393036323432316665626165646539653838643431386261323430653462366136
33653864653461353231356330623633666238386536323730613261316265353430343134393231
30323935656261653939336339613436316535633262386563663065646665343666323064656239
33373634653261633037336437373039343034383930326331666131626463303835616335356434
30666565386632303436396230333263323131323038383961666337353866643331643731303032
30356462336433313239623636613039396637666462613239306262636333333434333762313061
6331
